0 0.27 0.08 0.015625 0.015625
0 0.37 0.07 0.015625 0.015625
0 0.02 0.23 0.015625 0.015625
0 0.09 0.23 0.015625 0.015625
0 0.14 0.32 0.015625 0.015625
0 0.14 0.29 0.015625 0.015625
0 0.25 0.49 0.015625 0.015625
0 0.31 0.5 0.015625 0.015625
0 0.58 0.76 0.015625 0.015625
0 0.75 0.28 0.015625 0.015625
0 0.76 0.18 0.015625 0.015625
0 0.76 0.21 0.015625 0.015625
0 0.83 0.26 0.015625 0.015625
0 0.75 0.43 0.015625 0.015625
0 0.5 0.55 0.015625 0.015625
0 0.56 0.47 0.015625 0.015625
0 0.69 0.65 0.015625 0.015625
0 0.89 0.64 0.015625 0.015625
0 0.89 0.66 0.015625 0.015625
0 0.91 0.78 0.015625 0.015625
0 0.92 0.75 0.015625 0.015625
0 0.49 0.35 0.015625 0.015625
0 0.79 0.55 0.015625 0.015625
