0 0.89 0.24 0.015625 0.015625
0 0.9 0.27 0.015625 0.015625
0 0.91 0.19 0.015625 0.015625
0 0.91 0.16 0.015625 0.015625
0 0.95 0.23 0.015625 0.015625
0 0.96 0.25 0.015625 0.015625
0 0.71 0.35 0.015625 0.015625
0 0.77 0.44 0.015625 0.015625
0 0.88 0.47 0.015625 0.015625
0 0.94 0.43 0.015625 0.015625
0 0.96 0.45 0.015625 0.015625
0 0.97 0.36 0.015625 0.015625
0 0.62 0.19 0.015625 0.015625
0 0.75 0.16 0.015625 0.015625
0 0.5 0.21 0.015625 0.015625
0 0.51 0.21 0.015625 0.015625
0 0.38 0.28 0.015625 0.015625
0 0.4 0.33 0.015625 0.015625
0 0.45 0.36 0.015625 0.015625
0 0.49 0.36 0.015625 0.015625
0 0.05 0.22 0.015625 0.015625
0 0.33 0.33 0.015625 0.015625
0 0.25 0.18 0.015625 0.015625
0 0.31 0.16 0.015625 0.015625
0 0.34 0.15 0.015625 0.015625
0 0.41 0.15 0.015625 0.015625
0 0.41 0.06 0.015625 0.015625
0 0.73 0.59 0.015625 0.015625
0 0.57 0.43 0.015625 0.015625
0 0.01 0.68 0.015625 0.015625
0 0.15 0.59 0.015625 0.015625
0 0.28 0.58 0.015625 0.015625
0 0.08 0.86 0.015625 0.015625
0 0.12 0.87 0.015625 0.015625
0 0.23 0.9 0.015625 0.015625
0 0.33 0.9 0.015625 0.015625
0 0.23 0.63 0.015625 0.015625
0 0.94 0.02 0.015625 0.015625
0 0.04 0.32 0.015625 0.015625
0 0.08 0.34 0.015625 0.015625
0 0.15 0.97 0.015625 0.015625
0 0.54 0.83 0.015625 0.015625
0 0.73 0.16 0.015625 0.015625
