0 0.07 0.07 0.015625 0.015625
0 0.62 0.05 0.015625 0.015625
0 0.79 0.01 0.015625 0.015625
0 0.01 0.02 0.015625 0.015625
0 0.07 0.11 0.015625 0.015625
0 0.12 0.12 0.015625 0.015625
0 0.15 0.16 0.015625 0.015625
0 0.46 0.47 0.015625 0.015625
0 0.59 0.39 0.015625 0.015625
0 0.86 0.19 0.015625 0.015625
0 0.9 0.2 0.015625 0.015625
0 0.41 0.15 0.015625 0.015625
0 0.51 0.14 0.015625 0.015625
0 0.14 0.16 0.015625 0.015625
0 0.66 0.24 0.015625 0.015625
0 0.66 0.32 0.015625 0.015625
0 0.67 0.41 0.015625 0.015625
0 0.8 0.42 0.015625 0.015625
0 0.91 0.54 0.015625 0.015625
0 0.22 0.22 0.015625 0.015625
0 0.23 0.26 0.015625 0.015625
0 0.18 0.05 0.015625 0.015625
0 0.51 0.01 0.015625 0.015625
0 0.64 0.57 0.015625 0.015625
0 0.61 0.11 0.015625 0.015625
0 0.72 0.15 0.015625 0.015625
0 0.93 0.3 0.015625 0.015625
