0 0.94 0.81 0.015625 0.015625
0 0.64 0.81 0.015625 0.015625
0 0.38 0.67 0.015625 0.015625
0 0.45 0.69 0.015625 0.015625
0 0.11 0.5 0.015625 0.015625
0 0.12 0.53 0.015625 0.015625
0 0.18 0.57 0.015625 0.015625
0 0.27 0.55 0.015625 0.015625
0 0.1 0.63 0.015625 0.015625
0 0.15 0.55 0.015625 0.015625
0 0.11 0.67 0.015625 0.015625
0 0.33 0.39 0.015625 0.015625
0 0.37 0.41 0.015625 0.015625
0 0.15 0.45 0.015625 0.015625
0 0.21 0.44 0.015625 0.015625
0 0.09 0.88 0.015625 0.015625
0 0.13 0.92 0.015625 0.015625
0 0.2 0.98 0.015625 0.015625
0 0.2 0.87 0.015625 0.015625
0 0.12 0.69 0.015625 0.015625
0 0.2 0.5 0.015625 0.015625
0 0.24 0.54 0.015625 0.015625
0 0.1 0.3 0.015625 0.015625
0 0.02 0.26 0.015625 0.015625
0 0.26 0.62 0.015625 0.015625
0 0.15 0.63 0.015625 0.015625
0 0.37 0.62 0.015625 0.015625
