0 0.89 0.5 0.015625 0.015625
0 0.9 0.53 0.015625 0.015625
0 0.96 0.57 0.015625 0.015625
0 0.88 0.63 0.015625 0.015625
0 0.93 0.55 0.015625 0.015625
0 0.89 0.67 0.015625 0.015625
0 0.93 0.45 0.015625 0.015625
0 0.99 0.44 0.015625 0.015625
0 0.55 0.27 0.015625 0.015625
0 0.58 0.26 0.015625 0.015625
0 0.61 0.26 0.015625 0.015625
0 0.63 0.37 0.015625 0.015625
0 0.63 0.28 0.015625 0.015625
0 0.68 0.4 0.015625 0.015625
0 0.71 0.31 0.015625 0.015625
0 0.66 0.5 0.015625 0.015625
0 0.69 0.46 0.015625 0.015625
0 0.71 0.44 0.015625 0.015625
0 0.75 0.4 0.015625 0.015625
0 0.59 0.9 0.015625 0.015625
0 0.61 0.93 0.015625 0.015625
0 0.75 0.94 0.015625 0.015625
0 0.78 0.92 0.015625 0.015625
0 0.87 0.88 0.015625 0.015625
0 0.91 0.92 0.015625 0.015625
0 0.98 0.98 0.015625 0.015625
0 0.99 0.87 0.015625 0.015625
0 0.03 0.66 0.015625 0.015625
0 0.08 0.82 0.015625 0.015625
0 0.27 0.36 0.015625 0.015625
0 0.31 0.37 0.015625 0.015625
0 0.17 0.56 0.015625 0.015625
0 0.3 0.68 0.015625 0.015625
0 0.9 0.69 0.015625 0.015625
0 0.99 0.5 0.015625 0.015625
0 0.88 0.3 0.015625 0.015625
0 0.29 0.11 0.015625 0.015625
0 0.31 0.16 0.015625 0.015625
0 0.33 0.04 0.015625 0.015625
0 0.44 0.12 0.015625 0.015625
0 0.5 0.2 0.015625 0.015625
0 0.59 0.29 0.015625 0.015625
0 0.6 0.3 0.015625 0.015625
0 0.64 0.32 0.015625 0.015625
0 0.8 0.26 0.015625 0.015625
0 0.93 0.63 0.015625 0.015625
