0 0.92 0.65 0.015625 0.015625
0 0.95 0.69 0.015625 0.015625
0 0.96 0.56 0.015625 0.015625
0 0.33 0.43 0.015625 0.015625
0 0.39 0.48 0.015625 0.015625
0 0.46 0.52 0.015625 0.015625
0 0.48 0.4 0.015625 0.015625
0 0.49 0.51 0.015625 0.015625
0 0.4 0.7 0.015625 0.015625
0 0.42 0.67 0.015625 0.015625
0 0.47 0.67 0.015625 0.015625
0 0.52 0.72 0.015625 0.015625
0 0.24 0.57 0.015625 0.015625
0 0.26 0.71 0.015625 0.015625
0 0.26 0.66 0.015625 0.015625
0 0.3 0.7 0.015625 0.015625
0 0.33 0.56 0.015625 0.015625
0 0.37 0.66 0.015625 0.015625
0 0.38 0.58 0.015625 0.015625
0 0.39 0.59 0.015625 0.015625
0 0.26 0.54 0.015625 0.015625
0 0.29 0.52 0.015625 0.015625
0 0.4 0.54 0.015625 0.015625
0 0.54 0.48 0.015625 0.015625
0 0.61 0.62 0.015625 0.015625
0 0.44 0.5 0.015625 0.015625
0 0.16 0.61 0.015625 0.015625
0 0.42 0.61 0.015625 0.015625
0 0.44 0.62 0.015625 0.015625
0 0.73 0.55 0.015625 0.015625
