0 0.04 0.79 0.015625 0.015625
0 0.0 0.53 0.015625 0.015625
0 0.28 0.43 0.015625 0.015625
0 0.32 0.49 0.015625 0.015625
0 0.34 0.62 0.015625 0.015625
0 0.44 0.68 0.015625 0.015625
0 0.58 0.7 0.015625 0.015625
0 0.75 0.43 0.015625 0.015625
0 0.77 0.4 0.015625 0.015625
0 0.89 0.19 0.015625 0.015625
0 0.56 0.32 0.015625 0.015625
0 0.63 0.48 0.015625 0.015625
0 0.64 0.5 0.015625 0.015625
0 0.65 0.39 0.015625 0.015625
0 0.69 0.44 0.015625 0.015625
0 0.89 1.0 0.015625 0.015625
0 0.93 0.92 0.015625 0.015625
0 0.98 0.64 0.015625 0.015625
0 0.99 0.53 0.015625 0.015625
0 0.92 0.7 0.015625 0.015625
0 0.81 0.88 0.015625 0.015625
0 0.88 0.95 0.015625 0.015625
0 0.92 0.82 0.015625 0.015625
0 0.97 0.74 0.015625 0.015625
0 0.5 0.99 0.015625 0.015625
0 0.41 0.72 0.015625 0.015625
0 0.01 0.44 0.015625 0.015625
0 0.05 0.39 0.015625 0.015625
