0 0.83 0.76 0.015625 0.015625
0 0.92 0.68 0.015625 0.015625
0 0.19 0.19 0.015625 0.015625
0 0.25 0.31 0.015625 0.015625
0 0.27 0.12 0.015625 0.015625
0 0.3 0.22 0.015625 0.015625
0 0.34 0.3 0.015625 0.015625
0 0.38 0.35 0.015625 0.015625
0 0.58 0.23 0.015625 0.015625
0 0.68 0.22 0.015625 0.015625
0 0.69 0.29 0.015625 0.015625
0 0.44 0.14 0.015625 0.015625
0 0.47 0.18 0.015625 0.015625
0 0.68 0.12 0.015625 0.015625
0 0.76 0.07 0.015625 0.015625
0 0.89 0.03 0.015625 0.015625
0 0.9 0.08 0.015625 0.015625
0 0.93 0.13 0.015625 0.015625
0 0.75 0.83 0.015625 0.015625
0 0.33 0.89 0.015625 0.015625
