0 0.91 0.33 0.015625 0.015625
0 0.91 0.23 0.015625 0.015625
0 0.19 0.86 0.015625 0.015625
0 0.25 0.98 0.015625 0.015625
0 0.27 0.79 0.015625 0.015625
0 0.3 0.89 0.015625 0.015625
0 0.34 0.97 0.015625 0.015625
0 0.58 0.9 0.015625 0.015625
0 0.68 0.9 0.015625 0.015625
0 0.69 0.96 0.015625 0.015625
0 0.44 0.81 0.015625 0.015625
0 0.47 0.85 0.015625 0.015625
0 0.68 0.79 0.015625 0.015625
0 0.76 0.75 0.015625 0.015625
0 0.89 0.7 0.015625 0.015625
0 0.9 0.75 0.015625 0.015625
0 0.93 0.8 0.015625 0.015625
0 0.83 0.48 0.015625 0.015625
0 0.92 0.44 0.015625 0.015625
0 0.97 0.65 0.015625 0.015625
