0 0.08 0.31 0.015625 0.015625
0 0.08 0.14 0.015625 0.015625
0 0.1 0.24 0.015625 0.015625
0 0.13 0.09 0.015625 0.015625
0 0.13 0.1 0.015625 0.015625
0 0.14 0.2 0.015625 0.015625
0 0.14 0.24 0.015625 0.015625
0 0.18 0.32 0.015625 0.015625
0 0.18 0.21 0.015625 0.015625
0 0.21 0.14 0.015625 0.015625
0 0.23 0.16 0.015625 0.015625
0 0.25 0.36 0.015625 0.015625
0 0.27 0.46 0.015625 0.015625
0 0.29 0.51 0.015625 0.015625
0 0.32 0.27 0.015625 0.015625
0 0.03 0.3 0.015625 0.015625
0 0.18 0.59 0.015625 0.015625
0 0.24 0.44 0.015625 0.015625
0 0.24 0.39 0.015625 0.015625
0 0.09 0.47 0.015625 0.015625
0 0.01 0.01 0.015625 0.015625
0 0.15 0.12 0.015625 0.015625
0 0.2 0.29 0.015625 0.015625
0 0.31 0.4 0.015625 0.015625
0 0.34 0.4 0.015625 0.015625
0 0.35 0.29 0.015625 0.015625
