0 0.05 0.86 0.015625 0.015625
0 0.46 0.76 0.015625 0.015625
0 0.49 0.86 0.015625 0.015625
0 0.55 0.85 0.015625 0.015625
0 0.38 0.07 0.015625 0.015625
0 0.42 0.24 0.015625 0.015625
0 0.48 0.27 0.015625 0.015625
0 0.51 0.1 0.015625 0.015625
0 0.67 0.19 0.015625 0.015625
0 0.08 0.26 0.015625 0.015625
0 0.14 0.05 0.015625 0.015625
0 0.18 0.1 0.015625 0.015625
0 0.32 0.3 0.015625 0.015625
0 0.13 0.65 0.015625 0.015625
0 0.34 0.39 0.015625 0.015625
0 0.59 0.3 0.015625 0.015625
0 0.72 0.09 0.015625 0.015625
0 0.67 0.41 0.015625 0.015625
