0 0.72 0.37 0.015625 0.015625
0 0.85 0.23 0.015625 0.015625
0 0.87 0.26 0.015625 0.015625
0 0.94 0.32 0.015625 0.015625
0 0.71 0.53 0.015625 0.015625
0 0.84 0.55 0.015625 0.015625
0 0.39 0.66 0.015625 0.015625
0 0.42 0.69 0.015625 0.015625
0 0.47 0.61 0.015625 0.015625
0 0.51 0.49 0.015625 0.015625
0 0.59 0.55 0.015625 0.015625
0 0.67 0.35 0.015625 0.015625
0 0.68 0.85 0.015625 0.015625
0 0.75 0.87 0.015625 0.015625
0 0.75 0.83 0.015625 0.015625
0 0.92 0.98 0.015625 0.015625
0 0.46 0.03 0.015625 0.015625
0 0.87 0.38 0.015625 0.015625
0 0.82 0.39 0.015625 0.015625
0 0.83 0.32 0.015625 0.015625
0 0.65 0.46 0.015625 0.015625
0 0.53 0.62 0.015625 0.015625
