0 0.01 0.94 0.015625 0.015625
0 0.04 0.93 0.015625 0.015625
0 0.09 0.95 0.015625 0.015625
0 0.27 0.91 0.015625 0.015625
0 0.49 0.88 0.015625 0.015625
0 0.68 0.76 0.015625 0.015625
0 0.77 0.72 0.015625 0.015625
0 0.1 0.9 0.015625 0.015625
0 0.12 0.75 0.015625 0.015625
0 0.15 0.77 0.015625 0.015625
0 0.19 0.73 0.015625 0.015625
0 0.04 0.14 0.015625 0.015625
0 0.06 0.12 0.015625 0.015625
0 0.26 0.28 0.015625 0.015625
0 0.26 0.19 0.015625 0.015625
0 0.39 0.26 0.015625 0.015625
0 0.44 0.28 0.015625 0.015625
0 0.01 0.4 0.015625 0.015625
0 0.01 0.44 0.015625 0.015625
0 0.07 0.47 0.015625 0.015625
0 0.26 0.37 0.015625 0.015625
0 0.13 0.54 0.015625 0.015625
0 0.36 0.31 0.015625 0.015625
0 0.4 0.34 0.015625 0.015625
0 0.42 0.45 0.015625 0.015625
0 0.18 0.13 0.015625 0.015625
0 0.24 0.12 0.015625 0.015625
0 0.86 0.1 0.015625 0.015625
0 0.04 0.23 0.015625 0.015625
0 0.05 0.0 0.015625 0.015625
0 0.17 0.03 0.015625 0.015625
0 0.14 0.11 0.015625 0.015625
0 0.44 0.19 0.015625 0.015625
0 0.01 0.48 0.015625 0.015625
0 0.22 0.06 0.015625 0.015625
0 0.27 0.35 0.015625 0.015625
0 0.09 0.47 0.015625 0.015625
0 0.16 0.47 0.015625 0.015625
0 0.05 0.51 0.015625 0.015625
0 0.15 0.63 0.015625 0.015625
0 0.62 0.39 0.015625 0.015625
