0 0.98 0.97 0.015625 0.015625
0 0.49 0.65 0.015625 0.015625
0 0.58 0.73 0.015625 0.015625
0 0.65 0.79 0.015625 0.015625
0 0.79 0.73 0.015625 0.015625
0 0.89 0.76 0.015625 0.015625
0 0.51 0.87 0.015625 0.015625
0 0.6 0.92 0.015625 0.015625
0 0.02 0.85 0.015625 0.015625
0 0.17 0.94 0.015625 0.015625
0 0.08 0.68 0.015625 0.015625
0 0.15 0.71 0.015625 0.015625
0 0.17 0.66 0.015625 0.015625
0 0.11 0.54 0.015625 0.015625
0 0.23 0.6 0.015625 0.015625
0 0.43 0.37 0.015625 0.015625
0 0.61 0.49 0.015625 0.015625
0 0.68 0.51 0.015625 0.015625
0 0.84 0.96 0.015625 0.015625
0 0.01 0.27 0.015625 0.015625
0 0.04 0.25 0.015625 0.015625
0 0.09 0.28 0.015625 0.015625
0 0.27 0.23 0.015625 0.015625
0 0.49 0.21 0.015625 0.015625
0 0.68 0.09 0.015625 0.015625
0 0.77 0.05 0.015625 0.015625
0 0.03 0.43 0.015625 0.015625
0 0.29 0.34 0.015625 0.015625
0 0.1 0.23 0.015625 0.015625
0 0.12 0.08 0.015625 0.015625
0 0.15 0.1 0.015625 0.015625
0 0.19 0.06 0.015625 0.015625
