0 0.65 0.53 0.015625 0.015625
0 0.76 0.61 0.015625 0.015625
0 0.77 0.52 0.015625 0.015625
0 0.88 0.53 0.015625 0.015625
0 0.89 0.6 0.015625 0.015625
0 0.95 0.5 0.015625 0.015625
0 0.59 0.47 0.015625 0.015625
0 0.04 0.71 0.015625 0.015625
0 0.06 0.59 0.015625 0.015625
0 0.1 0.74 0.015625 0.015625
0 0.14 0.57 0.015625 0.015625
0 0.17 0.68 0.015625 0.015625
0 0.24 0.64 0.015625 0.015625
0 0.63 0.16 0.015625 0.015625
0 0.72 0.12 0.015625 0.015625
0 0.81 0.05 0.015625 0.015625
0 0.75 0.25 0.015625 0.015625
0 0.86 0.37 0.015625 0.015625
0 0.99 0.44 0.015625 0.015625
0 0.91 0.74 0.015625 0.015625
0 0.98 0.66 0.015625 0.015625
