0 0.52 0.18 0.015625 0.015625
0 0.52 0.1 0.015625 0.015625
0 0.69 0.68 0.015625 0.015625
0 0.12 0.35 0.015625 0.015625
0 0.32 0.48 0.015625 0.015625
0 0.46 0.57 0.015625 0.015625
0 0.99 0.37 0.015625 0.015625
0 0.79 0.56 0.015625 0.015625
0 0.85 0.28 0.015625 0.015625
0 0.65 0.42 0.015625 0.015625
0 0.5 0.3 0.015625 0.015625
0 0.28 0.47 0.015625 0.015625
0 0.37 0.41 0.015625 0.015625
0 0.39 0.49 0.015625 0.015625
0 0.4 0.47 0.015625 0.015625
0 0.58 0.63 0.015625 0.015625
0 0.8 0.66 0.015625 0.015625
0 0.24 0.19 0.015625 0.015625
0 0.11 0.39 0.015625 0.015625
0 0.12 0.35 0.015625 0.015625
