0 0.61 0.3 0.015625 0.015625
0 0.88 0.7 0.015625 0.015625
0 0.91 0.75 0.015625 0.015625
0 0.98 0.58 0.015625 0.015625
0 0.5 0.9 0.015625 0.015625
0 0.37 0.64 0.015625 0.015625
0 0.84 0.87 0.015625 0.015625
0 0.66 0.98 0.015625 0.015625
0 0.0 0.77 0.015625 0.015625
0 0.08 0.75 0.015625 0.015625
0 0.36 0.94 0.015625 0.015625
0 0.49 0.72 0.015625 0.015625
0 0.73 0.55 0.015625 0.015625
0 0.09 0.53 0.015625 0.015625
0 0.11 0.52 0.015625 0.015625
0 0.35 0.5 0.015625 0.015625
0 0.97 0.89 0.015625 0.015625
0 0.98 0.74 0.015625 0.015625
