0 0.88 0.03 0.015625 0.015625
0 0.91 0.08 0.015625 0.015625
0 0.32 0.8 0.015625 0.015625
0 0.54 0.65 0.015625 0.015625
0 0.57 0.84 0.015625 0.015625
0 0.61 0.78 0.015625 0.015625
0 0.5 0.23 0.015625 0.015625
0 0.84 0.2 0.015625 0.015625
0 0.66 0.31 0.015625 0.015625
0 0.0 0.1 0.015625 0.015625
0 0.08 0.08 0.015625 0.015625
0 0.0 0.87 0.015625 0.015625
0 0.04 0.61 0.015625 0.015625
0 0.17 0.53 0.015625 0.015625
0 0.36 0.27 0.015625 0.015625
0 0.49 0.05 0.015625 0.015625
0 0.4 0.58 0.015625 0.015625
0 0.47 0.53 0.015625 0.015625
0 0.52 0.5 0.015625 0.015625
0 0.5 0.55 0.015625 0.015625
0 0.51 0.58 0.015625 0.015625
0 0.4 0.73 0.015625 0.015625
0 0.15 0.9 0.015625 0.015625
0 0.97 0.22 0.015625 0.015625
0 0.98 0.07 0.015625 0.015625
