0 0.71 0.19 0.015625 0.015625
0 0.75 0.01 0.015625 0.015625
0 0.86 0.25 0.015625 0.015625
0 0.88 0.2 0.015625 0.015625
0 0.83 0.52 0.015625 0.015625
0 0.89 0.36 0.015625 0.015625
0 0.91 0.34 0.015625 0.015625
0 0.93 0.38 0.015625 0.015625
0 0.93 0.4 0.015625 0.015625
0 0.95 0.57 0.015625 0.015625
0 0.82 0.1 0.015625 0.015625
0 0.95 0.49 0.015625 0.015625
0 0.71 0.3 0.015625 0.015625
0 0.65 0.02 0.015625 0.015625
0 0.64 0.1 0.015625 0.015625
0 0.67 0.11 0.015625 0.015625
0 0.77 0.19 0.015625 0.015625
0 0.83 0.16 0.015625 0.015625
0 0.84 0.22 0.015625 0.015625
0 0.98 0.47 0.015625 0.015625
0 0.98 0.15 0.015625 0.015625
0 0.98 0.22 0.015625 0.015625
