0 0.71 0.86 0.015625 0.015625
0 0.72 0.67 0.015625 0.015625
0 0.75 0.68 0.015625 0.015625
0 0.86 0.92 0.015625 0.015625
0 0.88 0.87 0.015625 0.015625
0 0.82 0.77 0.015625 0.015625
0 0.71 0.97 0.015625 0.015625
0 0.65 0.69 0.015625 0.015625
0 0.64 0.77 0.015625 0.015625
0 0.57 0.45 0.015625 0.015625
0 0.67 0.78 0.015625 0.015625
0 0.77 0.86 0.015625 0.015625
0 0.83 0.83 0.015625 0.015625
0 0.84 0.89 0.015625 0.015625
0 0.98 0.56 0.015625 0.015625
0 0.98 0.82 0.015625 0.015625
0 0.98 0.89 0.015625 0.015625
