0 0.33 0.22 0.015625 0.015625
0 0.54 0.21 0.015625 0.015625
0 0.7 0.07 0.015625 0.015625
0 0.69 0.04 0.015625 0.015625
0 0.83 0.16 0.015625 0.015625
0 0.85 0.19 0.015625 0.015625
0 0.94 0.2 0.015625 0.015625
0 0.89 0.17 0.015625 0.015625
0 0.88 0.22 0.015625 0.015625
0 0.64 0.24 0.015625 0.015625
0 0.01 0.54 0.015625 0.015625
0 0.02 0.56 0.015625 0.015625
0 0.01 0.52 0.015625 0.015625
0 0.4 0.64 0.015625 0.015625
0 0.51 0.64 0.015625 0.015625
0 0.74 0.48 0.015625 0.015625
0 0.94 0.32 0.015625 0.015625
0 0.96 0.29 0.015625 0.015625
0 0.82 0.47 0.015625 0.015625
0 0.85 0.47 0.015625 0.015625
0 0.93 0.84 0.015625 0.015625
0 0.71 0.65 0.015625 0.015625
0 0.19 0.69 0.015625 0.015625
0 0.07 0.53 0.015625 0.015625
0 0.64 0.8 0.015625 0.015625
0 0.73 0.76 0.015625 0.015625
0 0.81 0.84 0.015625 0.015625
0 0.72 0.9 0.015625 0.015625
0 0.82 0.92 0.015625 0.015625
0 0.36 0.96 0.015625 0.015625
0 0.18 0.99 0.015625 0.015625
0 0.19 0.97 0.015625 0.015625
0 0.01 0.48 0.015625 0.015625
0 0.08 0.06 0.015625 0.015625
0 0.12 0.07 0.015625 0.015625
0 0.72 0.81 0.015625 0.015625
