0 0.03 0.07 0.015625 0.015625
0 0.01 0.04 0.015625 0.015625
0 0.16 0.16 0.015625 0.015625
0 0.18 0.19 0.015625 0.015625
0 0.27 0.2 0.015625 0.015625
0 0.33 0.19 0.015625 0.015625
0 0.22 0.17 0.015625 0.015625
0 0.35 0.29 0.015625 0.015625
0 0.39 0.25 0.015625 0.015625
0 0.37 0.15 0.015625 0.015625
0 0.61 0.24 0.015625 0.015625
0 0.73 0.16 0.015625 0.015625
0 0.21 0.22 0.015625 0.015625
0 0.07 0.48 0.015625 0.015625
0 0.26 0.32 0.015625 0.015625
0 0.28 0.29 0.015625 0.015625
0 0.73 0.04 0.015625 0.015625
0 0.85 0.05 0.015625 0.015625
0 0.54 0.22 0.015625 0.015625
0 0.5 0.5 0.015625 0.015625
0 0.15 0.47 0.015625 0.015625
0 0.18 0.47 0.015625 0.015625
0 0.33 0.56 0.015625 0.015625
0 0.26 0.84 0.015625 0.015625
0 0.04 0.65 0.015625 0.015625
0 0.05 0.76 0.015625 0.015625
0 0.14 0.84 0.015625 0.015625
0 0.95 0.83 0.015625 0.015625
0 0.04 0.9 0.015625 0.015625
0 0.15 0.92 0.015625 0.015625
0 0.33 0.66 0.015625 0.015625
0 0.37 0.72 0.015625 0.015625
0 0.42 0.78 0.015625 0.015625
0 0.05 0.81 0.015625 0.015625
