0 0.4 0.77 0.015625 0.015625
0 0.52 0.89 0.015625 0.015625
0 0.66 0.84 0.015625 0.015625
0 0.73 0.73 0.015625 0.015625
0 0.87 0.57 0.015625 0.015625
0 0.76 0.38 0.015625 0.015625
0 0.64 0.56 0.015625 0.015625
0 0.65 0.67 0.015625 0.015625
0 0.69 0.66 0.015625 0.015625
0 0.35 0.56 0.015625 0.015625
0 0.52 0.25 0.015625 0.015625
0 0.52 0.33 0.015625 0.015625
0 0.56 0.26 0.015625 0.015625
0 0.74 0.14 0.015625 0.015625
0 0.82 0.08 0.015625 0.015625
0 0.87 0.02 0.015625 0.015625
0 0.9 0.06 0.015625 0.015625
0 0.8 0.01 0.015625 0.015625
0 0.8 0.59 0.015625 0.015625
0 0.82 0.3 0.015625 0.015625
0 0.85 0.35 0.015625 0.015625
0 0.63 0.33 0.015625 0.015625
0 0.58 0.04 0.015625 0.015625
0 0.26 0.47 0.015625 0.015625
0 0.28 0.26 0.015625 0.015625
0 0.3 0.33 0.015625 0.015625
0 0.15 0.2 0.015625 0.015625
0 0.15 0.27 0.015625 0.015625
0 0.17 0.36 0.015625 0.015625
0 0.18 0.35 0.015625 0.015625
0 0.03 0.76 0.015625 0.015625
0 0.11 0.58 0.015625 0.015625
0 0.0 0.5 0.015625 0.015625
0 0.09 0.44 0.015625 0.015625
0 0.0 0.33 0.015625 0.015625
0 0.01 0.21 0.015625 0.015625
0 0.08 0.33 0.015625 0.015625
0 0.19 0.48 0.015625 0.015625
0 0.31 0.81 0.015625 0.015625
0 0.57 0.65 0.015625 0.015625
0 0.75 0.91 0.015625 0.015625
0 0.94 0.91 0.015625 0.015625
0 0.45 0.71 0.015625 0.015625
