0 0.05 0.85 0.015625 0.015625
0 0.06 0.9 0.015625 0.015625
0 0.08 0.95 0.015625 0.015625
0 0.25 0.77 0.015625 0.015625
0 0.27 0.92 0.015625 0.015625
0 0.32 0.74 0.015625 0.015625
0 0.37 0.71 0.015625 0.015625
0 0.46 0.83 0.015625 0.015625
0 0.47 0.71 0.015625 0.015625
0 0.47 0.74 0.015625 0.015625
0 0.53 0.82 0.015625 0.015625
0 0.54 0.77 0.015625 0.015625
0 0.5 0.97 0.015625 0.015625
0 0.54 0.9 0.015625 0.015625
0 0.62 0.97 0.015625 0.015625
0 0.63 0.93 0.015625 0.015625
0 0.72 0.98 0.015625 0.015625
0 0.37 0.71 0.015625 0.015625
0 0.38 0.6 0.015625 0.015625
0 0.39 0.75 0.015625 0.015625
0 0.47 0.67 0.015625 0.015625
0 0.48 0.78 0.015625 0.015625
0 0.5 0.66 0.015625 0.015625
0 0.25 0.66 0.015625 0.015625
0 0.26 0.6 0.015625 0.015625
0 0.32 0.6 0.015625 0.015625
0 0.45 0.77 0.015625 0.015625
0 0.57 0.88 0.015625 0.015625
0 0.6 0.93 0.015625 0.015625
0 0.06 0.57 0.015625 0.015625
0 0.06 0.49 0.015625 0.015625
0 0.07 0.55 0.015625 0.015625
0 0.12 0.63 0.015625 0.015625
0 0.13 0.49 0.015625 0.015625
0 0.15 0.54 0.015625 0.015625
0 0.23 0.62 0.015625 0.015625
0 0.04 0.3 0.015625 0.015625
0 0.06 0.46 0.015625 0.015625
0 0.15 0.48 0.015625 0.015625
0 0.01 0.28 0.015625 0.015625
0 0.01 0.34 0.015625 0.015625
0 0.01 0.27 0.015625 0.015625
0 0.11 0.13 0.015625 0.015625
0 0.38 0.19 0.015625 0.015625
0 0.4 0.17 0.015625 0.015625
0 0.51 0.19 0.015625 0.015625
0 0.57 0.32 0.015625 0.015625
0 0.87 0.15 0.015625 0.015625
0 0.67 0.93 0.015625 0.015625
0 0.72 0.97 0.015625 0.015625
