0 0.0 0.22 0.015625 0.015625
0 0.22 0.27 0.015625 0.015625
0 0.44 0.75 0.015625 0.015625
0 0.49 0.7 0.015625 0.015625
0 0.52 0.89 0.015625 0.015625
0 0.53 0.85 0.015625 0.015625
0 0.6 0.9 0.015625 0.015625
0 0.22 0.71 0.015625 0.015625
0 0.06 0.72 0.015625 0.015625
0 0.08 0.64 0.015625 0.015625
0 0.09 0.7 0.015625 0.015625
0 0.16 0.75 0.015625 0.015625
0 0.17 0.72 0.015625 0.015625
0 0.39 0.73 0.015625 0.015625
0 0.4 0.71 0.015625 0.015625
0 0.42 0.88 0.015625 0.015625
0 0.62 0.87 0.015625 0.015625
0 0.9 0.73 0.015625 0.015625
0 0.93 0.74 0.015625 0.015625
0 0.9 0.88 0.015625 0.015625
0 0.91 0.85 0.015625 0.015625
0 0.84 0.66 0.015625 0.015625
0 0.86 0.98 0.015625 0.015625
0 0.45 0.54 0.015625 0.015625
0 0.18 0.49 0.015625 0.015625
0 0.45 0.6 0.015625 0.015625
0 0.22 0.63 0.015625 0.015625
0 0.05 0.24 0.015625 0.015625
0 0.04 0.2 0.015625 0.015625
0 0.97 0.84 0.015625 0.015625
0 0.75 0.97 0.015625 0.015625
0 0.77 0.93 0.015625 0.015625
0 0.27 0.98 0.015625 0.015625
