0 0.1 0.43 0.015625 0.015625
0 0.13 0.38 0.015625 0.015625
0 0.17 0.2 0.015625 0.015625
0 0.23 0.41 0.015625 0.015625
0 0.26 0.39 0.015625 0.015625
0 0.42 0.29 0.015625 0.015625
0 0.43 0.17 0.015625 0.015625
0 0.44 0.5 0.015625 0.015625
0 0.44 0.54 0.015625 0.015625
0 0.58 0.25 0.015625 0.015625
0 0.25 0.12 0.015625 0.015625
0 0.27 0.2 0.015625 0.015625
0 0.35 0.21 0.015625 0.015625
0 0.02 0.0 0.015625 0.015625
0 0.06 0.1 0.015625 0.015625
0 0.58 0.09 0.015625 0.015625
0 0.6 0.01 0.015625 0.015625
0 0.42 0.11 0.015625 0.015625
0 0.27 0.02 0.015625 0.015625
0 0.64 0.83 0.015625 0.015625
0 0.27 0.66 0.015625 0.015625
0 0.34 0.18 0.015625 0.015625
0 0.29 0.44 0.015625 0.015625
0 0.43 0.72 0.015625 0.015625
