0 0.22 0.44 0.015625 0.015625
0 0.24 0.34 0.015625 0.015625
0 0.3 0.42 0.015625 0.015625
0 0.39 0.61 0.015625 0.015625
0 0.46 0.68 0.015625 0.015625
0 0.32 0.86 0.015625 0.015625
0 0.34 0.96 0.015625 0.015625
0 0.36 0.88 0.015625 0.015625
0 0.39 0.89 0.015625 0.015625
0 0.42 0.9 0.015625 0.015625
0 0.25 0.81 0.015625 0.015625
0 0.27 0.9 0.015625 0.015625
0 0.01 0.51 0.015625 0.015625
0 0.16 0.41 0.015625 0.015625
0 0.03 0.29 0.015625 0.015625
0 0.49 0.69 0.015625 0.015625
0 0.07 0.84 0.015625 0.015625
0 0.06 0.55 0.015625 0.015625
