0 0.69 0.18 0.015625 0.015625
0 0.84 0.22 0.015625 0.015625
0 0.07 0.74 0.015625 0.015625
0 0.14 0.64 0.015625 0.015625
0 0.62 0.72 0.015625 0.015625
0 0.79 0.68 0.015625 0.015625
0 0.94 0.59 0.015625 0.015625
0 0.01 0.69 0.015625 0.015625
0 0.05 0.66 0.015625 0.015625
0 0.07 0.78 0.015625 0.015625
0 0.12 0.79 0.015625 0.015625
0 0.15 0.83 0.015625 0.015625
0 0.86 0.86 0.015625 0.015625
0 0.9 0.87 0.015625 0.015625
0 0.41 0.83 0.015625 0.015625
0 0.51 0.81 0.015625 0.015625
0 0.48 0.56 0.015625 0.015625
0 0.14 0.84 0.015625 0.015625
0 0.66 0.91 0.015625 0.015625
0 0.66 0.99 0.015625 0.015625
0 0.22 0.9 0.015625 0.015625
0 0.23 0.93 0.015625 0.015625
0 0.18 0.72 0.015625 0.015625
0 0.23 0.61 0.015625 0.015625
0 0.51 0.68 0.015625 0.015625
0 0.77 0.16 0.015625 0.015625
0 0.82 0.32 0.015625 0.015625
0 0.86 0.34 0.015625 0.015625
0 0.61 0.78 0.015625 0.015625
0 0.72 0.82 0.015625 0.015625
0 0.93 0.97 0.015625 0.015625
