0 0.22 0.24 0.015625 0.015625
0 0.23 0.27 0.015625 0.015625
0 0.24 0.19 0.015625 0.015625
0 0.24 0.16 0.015625 0.015625
0 0.28 0.23 0.015625 0.015625
0 0.29 0.25 0.015625 0.015625
0 0.04 0.35 0.015625 0.015625
0 0.1 0.44 0.015625 0.015625
0 0.21 0.47 0.015625 0.015625
0 0.27 0.43 0.015625 0.015625
0 0.29 0.45 0.015625 0.015625
0 0.3 0.36 0.015625 0.015625
0 0.08 0.16 0.015625 0.015625
0 0.06 0.59 0.015625 0.015625
0 0.64 0.35 0.015625 0.015625
0 0.64 0.32 0.015625 0.015625
0 0.67 0.34 0.015625 0.015625
0 0.76 0.15 0.015625 0.015625
0 0.81 0.1 0.015625 0.015625
0 0.59 0.05 0.015625 0.015625
0 0.59 0.02 0.015625 0.015625
0 0.27 0.02 0.015625 0.015625
0 0.06 0.16 0.015625 0.015625
