0 0.74 0.07 0.015625 0.015625
0 0.68 0.02 0.015625 0.015625
0 0.74 0.11 0.015625 0.015625
0 0.79 0.12 0.015625 0.015625
0 0.82 0.16 0.015625 0.015625
0 0.1 0.44 0.015625 0.015625
0 0.14 0.43 0.015625 0.015625
0 0.3 0.58 0.015625 0.015625
0 0.47 0.26 0.015625 0.015625
0 0.46 0.37 0.015625 0.015625
0 0.53 0.28 0.015625 0.015625
0 0.65 0.55 0.015625 0.015625
0 0.67 0.47 0.015625 0.015625
0 0.67 0.52 0.015625 0.015625
0 0.6 0.37 0.015625 0.015625
0 0.65 0.29 0.015625 0.015625
0 0.82 0.16 0.015625 0.015625
0 0.54 0.84 0.015625 0.015625
0 0.6 0.84 0.015625 0.015625
0 0.65 0.8 0.015625 0.015625
0 0.48 0.72 0.015625 0.015625
0 0.59 0.53 0.015625 0.015625
0 0.9 0.22 0.015625 0.015625
0 0.9 0.26 0.015625 0.015625
0 0.85 0.05 0.015625 0.015625
