0 0.67 0.62 0.015625 0.015625
0 0.67 0.65 0.015625 0.015625
0 0.74 0.57 0.015625 0.015625
0 0.75 0.64 0.015625 0.015625
0 0.81 0.63 0.015625 0.015625
0 0.87 0.54 0.015625 0.015625
0 0.87 0.84 0.015625 0.015625
0 0.88 0.5 0.015625 0.015625
0 0.94 0.36 0.015625 0.015625
0 0.96 0.37 0.015625 0.015625
0 0.98 0.38 0.015625 0.015625
0 0.57 0.66 0.015625 0.015625
0 0.76 0.48 0.015625 0.015625
0 0.51 0.78 0.015625 0.015625
0 0.62 0.82 0.015625 0.015625
0 0.7 0.93 0.015625 0.015625
0 0.37 0.99 0.015625 0.015625
0 0.19 0.15 0.015625 0.015625
