0 0.7 0.66 0.015625 0.015625
0 0.21 0.28 0.015625 0.015625
0 0.59 0.62 0.015625 0.015625
0 0.2 0.09 0.015625 0.015625
0 0.27 0.07 0.015625 0.015625
0 0.3 0.09 0.015625 0.015625
0 0.35 0.17 0.015625 0.015625
0 0.36 0.03 0.015625 0.015625
0 0.13 0.68 0.015625 0.015625
0 0.64 0.43 0.015625 0.015625
0 0.65 0.37 0.015625 0.015625
0 0.62 0.76 0.015625 0.015625
0 0.75 0.82 0.015625 0.015625
0 0.94 0.36 0.015625 0.015625
0 0.98 0.37 0.015625 0.015625
0 0.84 0.56 0.015625 0.015625
0 0.97 0.68 0.015625 0.015625
0 0.96 0.11 0.015625 0.015625
0 0.99 0.16 0.015625 0.015625
