0 0.75 0.04 0.015625 0.015625
0 0.82 0.0 0.015625 0.015625
0 0.86 0.06 0.015625 0.015625
0 0.64 0.2 0.015625 0.015625
0 1.0 0.28 0.015625 0.015625
0 0.59 0.49 0.015625 0.015625
0 0.71 0.56 0.015625 0.015625
0 0.74 0.54 0.015625 0.015625
0 0.75 0.59 0.015625 0.015625
0 0.21 0.36 0.015625 0.015625
0 0.21 0.6 0.015625 0.015625
0 0.57 0.85 0.015625 0.015625
0 0.6 0.88 0.015625 0.015625
0 0.62 0.9 0.015625 0.015625
0 0.77 0.95 0.015625 0.015625
0 0.72 0.76 0.015625 0.015625
0 0.87 0.88 0.015625 0.015625
0 0.98 0.89 0.015625 0.015625
0 0.95 0.71 0.015625 0.015625
0 0.39 0.51 0.015625 0.015625
0 0.67 0.88 0.015625 0.015625
0 0.77 0.91 0.015625 0.015625
0 0.8 0.92 0.015625 0.015625
