0 0.31 0.34 0.015625 0.015625
0 0.48 0.35 0.015625 0.015625
0 0.1 0.52 0.015625 0.015625
0 0.13 0.45 0.015625 0.015625
0 0.57 0.18 0.015625 0.015625
0 0.6 0.2 0.015625 0.015625
0 0.62 0.23 0.015625 0.015625
0 0.77 0.28 0.015625 0.015625
0 0.72 0.09 0.015625 0.015625
0 0.87 0.21 0.015625 0.015625
0 0.93 0.38 0.015625 0.015625
0 0.98 0.22 0.015625 0.015625
0 0.88 0.4 0.015625 0.015625
0 0.95 0.04 0.015625 0.015625
0 0.47 0.38 0.015625 0.015625
0 0.67 0.21 0.015625 0.015625
0 0.77 0.24 0.015625 0.015625
0 0.8 0.25 0.015625 0.015625
