0 0.04 0.62 0.015625 0.015625
0 0.05 0.73 0.015625 0.015625
0 0.08 0.57 0.015625 0.015625
0 0.21 0.28 0.015625 0.015625
0 0.35 0.43 0.015625 0.015625
0 0.45 0.52 0.015625 0.015625
0 0.48 0.7 0.015625 0.015625
0 0.52 0.68 0.015625 0.015625
0 0.73 0.27 0.015625 0.015625
0 0.87 0.07 0.015625 0.015625
0 0.89 0.17 0.015625 0.015625
0 0.91 0.14 0.015625 0.015625
0 0.46 0.03 0.015625 0.015625
0 0.82 0.07 0.015625 0.015625
0 0.84 0.05 0.015625 0.015625
0 0.14 0.03 0.015625 0.015625
0 0.75 0.05 0.015625 0.015625
0 0.9 0.03 0.015625 0.015625
0 0.17 0.96 0.015625 0.015625
0 0.28 0.86 0.015625 0.015625
0 0.49 0.69 0.015625 0.015625
0 0.05 0.86 0.015625 0.015625
0 0.05 0.8 0.015625 0.015625
0 0.64 0.24 0.015625 0.015625
