0 0.09 0.74 0.015625 0.015625
0 0.1 0.84 0.015625 0.015625
0 0.12 0.81 0.015625 0.015625
0 0.04 0.74 0.015625 0.015625
0 0.06 0.72 0.015625 0.015625
0 0.35 0.66 0.015625 0.015625
0 0.38 0.75 0.015625 0.015625
0 0.46 0.75 0.015625 0.015625
0 0.52 0.7 0.015625 0.015625
0 0.52 0.66 0.015625 0.015625
0 0.58 0.71 0.015625 0.015625
0 0.64 0.86 0.015625 0.015625
0 0.72 0.79 0.015625 0.015625
0 0.59 0.44 0.015625 0.015625
0 0.6 0.48 0.015625 0.015625
0 0.68 0.53 0.015625 0.015625
0 0.95 0.43 0.015625 0.015625
0 0.99 0.49 0.015625 0.015625
0 0.26 0.46 0.015625 0.015625
0 0.36 0.48 0.015625 0.015625
0 0.36 0.49 0.015625 0.015625
0 0.37 0.42 0.015625 0.015625
0 0.39 0.41 0.015625 0.015625
0 0.39 0.26 0.015625 0.015625
0 0.42 0.39 0.015625 0.015625
0 0.43 0.45 0.015625 0.015625
0 0.44 0.49 0.015625 0.015625
0 0.49 0.46 0.015625 0.015625
0 0.55 0.31 0.015625 0.015625
0 0.62 0.29 0.015625 0.015625
0 0.43 0.6 0.015625 0.015625
0 0.39 0.59 0.015625 0.015625
0 0.46 0.55 0.015625 0.015625
0 0.27 0.54 0.015625 0.015625
0 0.29 0.49 0.015625 0.015625
0 0.55 0.58 0.015625 0.015625
0 0.33 0.56 0.015625 0.015625
0 0.5 0.42 0.015625 0.015625
0 0.42 0.32 0.015625 0.015625
0 0.59 0.25 0.015625 0.015625
0 0.65 0.42 0.015625 0.015625
0 0.68 0.44 0.015625 0.015625
0 0.72 0.39 0.015625 0.015625
0 0.12 0.7 0.015625 0.015625
