0 0.04 0.12 0.015625 0.015625
0 0.44 0.01 0.015625 0.015625
0 0.58 0.02 0.015625 0.015625
0 0.77 0.36 0.015625 0.015625
0 0.79 0.34 0.015625 0.015625
0 0.89 0.33 0.015625 0.015625
0 0.93 0.25 0.015625 0.015625
0 0.96 0.42 0.015625 0.015625
0 0.86 0.52 0.015625 0.015625
0 0.93 0.47 0.015625 0.015625
0 0.95 0.34 0.015625 0.015625
0 0.92 0.56 0.015625 0.015625
0 0.92 0.03 0.015625 0.015625
0 0.81 0.21 0.015625 0.015625
0 0.88 0.28 0.015625 0.015625
0 0.92 0.15 0.015625 0.015625
0 0.97 0.06 0.015625 0.015625
0 0.5 0.32 0.015625 0.015625
0 0.41 0.05 0.015625 0.015625
