0 0.53 0.87 0.015625 0.015625
0 0.55 0.84 0.015625 0.015625
0 0.59 0.89 0.015625 0.015625
0 0.71 0.62 0.015625 0.015625
0 0.72 0.73 0.015625 0.015625
0 0.09 0.76 0.015625 0.015625
0 0.22 0.81 0.015625 0.015625
0 0.05 0.59 0.015625 0.015625
0 0.1 0.57 0.015625 0.015625
0 0.16 0.5 0.015625 0.015625
0 0.37 0.41 0.015625 0.015625
0 0.47 0.4 0.015625 0.015625
0 0.75 0.57 0.015625 0.015625
0 0.88 0.28 0.015625 0.015625
0 0.81 0.03 0.015625 0.015625
0 0.84 0.96 0.015625 0.015625
0 0.95 0.86 0.015625 0.015625
0 0.72 0.86 0.015625 0.015625
0 0.72 0.8 0.015625 0.015625
0 0.43 0.82 0.015625 0.015625
0 0.48 0.53 0.015625 0.015625
0 0.58 0.47 0.015625 0.015625
