0 0.04 0.55 0.015625 0.015625
0 0.05 0.99 0.015625 0.015625
0 0.46 0.58 0.015625 0.015625
0 0.5 0.58 0.015625 0.015625
0 0.75 0.98 0.015625 0.015625
0 0.75 0.81 0.015625 0.015625
0 0.77 0.91 0.015625 0.015625
0 0.8 0.77 0.015625 0.015625
0 0.8 0.77 0.015625 0.015625
0 0.81 0.87 0.015625 0.015625
0 0.82 0.91 0.015625 0.015625
0 0.85 1.0 0.015625 0.015625
0 0.85 0.88 0.015625 0.015625
0 0.89 0.82 0.015625 0.015625
0 0.91 0.83 0.015625 0.015625
0 0.99 0.94 0.015625 0.015625
0 0.2 0.92 0.015625 0.015625
0 0.25 0.9 0.015625 0.015625
0 0.35 0.87 0.015625 0.015625
0 0.39 0.91 0.015625 0.015625
0 0.44 0.86 0.015625 0.015625
0 0.13 0.55 0.015625 0.015625
0 0.25 0.69 0.015625 0.015625
0 0.25 0.64 0.015625 0.015625
0 0.3 0.74 0.015625 0.015625
0 0.33 0.77 0.015625 0.015625
0 0.08 0.96 0.015625 0.015625
0 0.08 0.84 0.015625 0.015625
0 0.14 0.79 0.015625 0.015625
0 0.18 0.79 0.015625 0.015625
0 0.57 0.98 0.015625 0.015625
0 0.7 0.97 0.015625 0.015625
0 0.6 0.89 0.015625 0.015625
0 0.4 0.63 0.015625 0.015625
0 0.47 0.71 0.015625 0.015625
0 0.5 0.74 0.015625 0.015625
0 0.52 0.78 0.015625 0.015625
0 0.57 0.64 0.015625 0.015625
0 0.59 0.63 0.015625 0.015625
0 0.65 0.66 0.015625 0.015625
0 0.68 0.69 0.015625 0.015625
0 0.82 0.79 0.015625 0.015625
0 0.61 0.76 0.015625 0.015625
0 0.61 0.73 0.015625 0.015625
0 0.32 0.47 0.015625 0.015625
0 0.2 0.56 0.015625 0.015625
0 0.87 0.96 0.015625 0.015625
