0 0.08 0.98 0.015625 0.015625
0 0.08 0.81 0.015625 0.015625
0 0.1 0.91 0.015625 0.015625
0 0.13 0.77 0.015625 0.015625
0 0.13 0.77 0.015625 0.015625
0 0.14 0.87 0.015625 0.015625
0 0.14 0.91 0.015625 0.015625
0 0.18 1.0 0.015625 0.015625
0 0.18 0.88 0.015625 0.015625
0 0.21 0.82 0.015625 0.015625
0 0.23 0.83 0.015625 0.015625
0 0.32 0.94 0.015625 0.015625
0 0.03 0.97 0.015625 0.015625
0 0.01 0.69 0.015625 0.015625
0 0.15 0.79 0.015625 0.015625
0 0.57 0.39 0.015625 0.015625
0 0.67 0.43 0.015625 0.015625
0 0.75 0.05 0.015625 0.015625
0 0.2 0.96 0.015625 0.015625
0 0.35 0.97 0.015625 0.015625
0 0.33 0.11 0.015625 0.015625
