0 0.03 0.53 0.015625 0.015625
0 0.07 0.44 0.015625 0.015625
0 0.15 0.2 0.015625 0.015625
0 0.21 0.4 0.015625 0.015625
0 0.24 0.31 0.015625 0.015625
0 0.03 0.04 0.015625 0.015625
0 0.04 0.05 0.015625 0.015625
0 0.23 0.23 0.015625 0.015625
0 0.24 0.11 0.015625 0.015625
0 0.24 0.14 0.015625 0.015625
0 0.15 0.34 0.015625 0.015625
0 0.16 0.39 0.015625 0.015625
0 0.18 0.45 0.015625 0.015625
0 0.24 0.28 0.015625 0.015625
0 0.25 0.51 0.015625 0.015625
0 0.28 0.33 0.015625 0.015625
0 0.33 0.27 0.015625 0.015625
0 0.36 0.18 0.015625 0.015625
0 0.37 0.22 0.015625 0.015625
0 0.44 0.11 0.015625 0.015625
0 0.49 0.11 0.015625 0.015625
0 0.61 0.04 0.015625 0.015625
0 0.4 0.04 0.015625 0.015625
0 0.81 0.93 0.015625 0.015625
0 0.98 0.32 0.015625 0.015625
0 0.11 0.53 0.015625 0.015625
