0 0.36 0.38 0.015625 0.015625
0 0.73 0.85 0.015625 0.015625
0 0.74 0.81 0.015625 0.015625
0 0.87 0.89 0.015625 0.015625
0 0.92 0.82 0.015625 0.015625
0 0.94 0.87 0.015625 0.015625
0 0.99 0.85 0.015625 0.015625
0 0.29 0.66 0.015625 0.015625
0 0.33 0.68 0.015625 0.015625
0 0.06 0.19 0.015625 0.015625
0 0.09 0.14 0.015625 0.015625
0 0.15 0.19 0.015625 0.015625
0 0.72 0.7 0.015625 0.015625
0 0.72 0.67 0.015625 0.015625
0 0.75 0.65 0.015625 0.015625
0 0.45 0.1 0.015625 0.015625
0 0.58 0.1 0.015625 0.015625
