0 0.06 0.86 0.015625 0.015625
0 0.09 0.81 0.015625 0.015625
0 0.15 0.86 0.015625 0.015625
0 0.39 0.45 0.015625 0.015625
0 0.51 0.47 0.015625 0.015625
0 0.51 0.55 0.015625 0.015625
0 0.55 0.46 0.015625 0.015625
0 0.58 0.54 0.015625 0.015625
0 0.0 0.64 0.015625 0.015625
0 0.03 0.67 0.015625 0.015625
0 0.5 0.06 0.015625 0.015625
0 0.53 0.08 0.015625 0.015625
0 0.56 0.25 0.015625 0.015625
0 0.6 0.2 0.015625 0.015625
0 0.9 0.65 0.015625 0.015625
0 0.45 0.77 0.015625 0.015625
0 0.58 0.77 0.015625 0.015625
0 0.34 0.19 0.015625 0.015625
0 0.35 0.22 0.015625 0.015625
0 0.36 0.17 0.015625 0.015625
0 0.41 0.21 0.015625 0.015625
0 0.24 0.28 0.015625 0.015625
0 0.59 0.21 0.015625 0.015625
0 0.65 0.18 0.015625 0.015625
