0 0.34 0.44 0.015625 0.015625
0 0.35 0.48 0.015625 0.015625
0 0.52 0.44 0.015625 0.015625
0 0.54 0.51 0.015625 0.015625
0 0.57 0.32 0.015625 0.015625
0 0.59 0.43 0.015625 0.015625
0 0.76 0.32 0.015625 0.015625
0 0.81 0.32 0.015625 0.015625
0 0.85 0.47 0.015625 0.015625
0 0.86 0.42 0.015625 0.015625
0 0.05 0.37 0.015625 0.015625
0 0.18 0.23 0.015625 0.015625
0 0.2 0.26 0.015625 0.015625
0 0.27 0.32 0.015625 0.015625
0 0.35 0.25 0.015625 0.015625
0 0.46 0.44 0.015625 0.015625
0 0.04 0.53 0.015625 0.015625
0 0.17 0.55 0.015625 0.015625
0 0.0 0.35 0.015625 0.015625
0 0.01 0.85 0.015625 0.015625
0 0.07 0.87 0.015625 0.015625
0 0.08 0.83 0.015625 0.015625
0 0.25 0.98 0.015625 0.015625
0 0.35 0.22 0.015625 0.015625
0 0.64 0.18 0.015625 0.015625
0 0.64 0.22 0.015625 0.015625
0 0.69 0.17 0.015625 0.015625
0 0.72 0.17 0.015625 0.015625
0 0.73 0.01 0.015625 0.015625
0 0.87 0.07 0.015625 0.015625
0 0.88 0.16 0.015625 0.015625
0 0.99 0.11 0.015625 0.015625
0 0.95 0.41 0.015625 0.015625
0 0.45 0.5 0.015625 0.015625
0 0.2 0.38 0.015625 0.015625
0 0.15 0.39 0.015625 0.015625
0 0.15 0.32 0.015625 0.015625
0 0.82 0.53 0.015625 0.015625
0 0.72 0.55 0.015625 0.015625
0 0.99 0.4 0.015625 0.015625
