0 0.8 0.85 0.015625 0.015625
0 0.95 0.94 0.015625 0.015625
0 0.86 0.68 0.015625 0.015625
0 0.93 0.71 0.015625 0.015625
0 0.95 0.66 0.015625 0.015625
0 0.7 0.71 0.015625 0.015625
0 0.71 0.61 0.015625 0.015625
0 0.72 0.51 0.015625 0.015625
0 0.74 0.57 0.015625 0.015625
0 0.89 0.54 0.015625 0.015625
0 0.68 0.23 0.015625 0.015625
0 0.76 0.32 0.015625 0.015625
0 0.8 0.27 0.015625 0.015625
0 0.82 0.25 0.015625 0.015625
0 0.87 0.28 0.015625 0.015625
0 0.81 0.43 0.015625 0.015625
0 0.89 0.23 0.015625 0.015625
0 0.9 0.08 0.015625 0.015625
0 0.93 0.1 0.015625 0.015625
0 0.97 0.06 0.015625 0.015625
0 0.22 0.03 0.015625 0.015625
0 0.47 0.17 0.015625 0.015625
