0 0.68 0.9 0.015625 0.015625
0 0.76 0.99 0.015625 0.015625
0 0.8 0.94 0.015625 0.015625
0 0.82 0.93 0.015625 0.015625
0 0.87 0.95 0.015625 0.015625
0 0.89 0.9 0.015625 0.015625
0 0.9 0.75 0.015625 0.015625
0 0.93 0.77 0.015625 0.015625
0 0.97 0.73 0.015625 0.015625
0 0.59 0.6 0.015625 0.015625
0 0.22 0.71 0.015625 0.015625
0 0.47 0.84 0.015625 0.015625
0 0.56 0.38 0.015625 0.015625
0 0.03 0.51 0.015625 0.015625
0 0.1 0.44 0.015625 0.015625
0 0.19 0.51 0.015625 0.015625
0 0.03 0.19 0.015625 0.015625
0 0.14 0.14 0.015625 0.015625
0 0.07 0.04 0.015625 0.015625
0 0.19 0.24 0.015625 0.015625
0 0.19 0.13 0.015625 0.015625
0 0.22 0.04 0.015625 0.015625
0 0.24 0.16 0.015625 0.015625
0 0.59 0.09 0.015625 0.015625
0 0.63 0.12 0.015625 0.015625
0 0.68 0.02 0.015625 0.015625
0 0.71 0.16 0.015625 0.015625
0 0.71 0.19 0.015625 0.015625
0 0.82 0.14 0.015625 0.015625
0 0.84 0.12 0.015625 0.015625
0 0.76 0.44 0.015625 0.015625
0 0.79 0.4 0.015625 0.015625
0 0.79 0.44 0.015625 0.015625
0 0.85 0.47 0.015625 0.015625
0 0.91 0.54 0.015625 0.015625
0 0.96 0.13 0.015625 0.015625
0 0.82 0.23 0.015625 0.015625
0 0.83 0.0 0.015625 0.015625
0 0.95 0.03 0.015625 0.015625
0 0.92 0.11 0.015625 0.015625
0 0.79 0.48 0.015625 0.015625
0 0.39 0.36 0.015625 0.015625
0 0.27 0.41 0.015625 0.015625
0 0.02 0.36 0.015625 0.015625
0 0.06 0.07 0.015625 0.015625
0 0.26 0.26 0.015625 0.015625
0 0.25 0.35 0.015625 0.015625
0 0.52 0.36 0.015625 0.015625
0 0.58 0.36 0.015625 0.015625
0 0.58 0.11 0.015625 0.015625
0 0.59 0.05 0.015625 0.015625
0 0.5 0.06 0.015625 0.015625
0 0.87 0.47 0.015625 0.015625
0 0.94 0.47 0.015625 0.015625
0 0.83 0.51 0.015625 0.015625
0 0.93 0.63 0.015625 0.015625
0 0.52 0.04 0.015625 0.015625
