0 0.21 0.34 0.015625 0.015625
0 0.22 0.23 0.015625 0.015625
0 0.23 0.2 0.015625 0.015625
0 0.27 0.35 0.015625 0.015625
0 0.3 0.21 0.015625 0.015625
0 0.32 0.19 0.015625 0.015625
0 0.36 0.18 0.015625 0.015625
0 0.37 0.27 0.015625 0.015625
0 0.43 0.25 0.015625 0.015625
0 0.02 0.42 0.015625 0.015625
0 0.06 0.39 0.015625 0.015625
0 0.09 0.32 0.015625 0.015625
0 0.13 0.25 0.015625 0.015625
0 0.21 0.36 0.015625 0.015625
0 0.28 0.39 0.015625 0.015625
0 0.31 0.43 0.015625 0.015625
0 0.03 0.09 0.015625 0.015625
0 0.89 0.71 0.015625 0.015625
0 0.63 0.66 0.015625 0.015625
0 0.7 0.51 0.015625 0.015625
0 0.77 0.44 0.015625 0.015625
0 0.87 0.51 0.015625 0.015625
0 0.34 0.85 0.015625 0.015625
0 0.55 0.8 0.015625 0.015625
0 0.64 0.84 0.015625 0.015625
0 0.27 0.78 0.015625 0.015625
0 0.14 0.47 0.015625 0.015625
0 0.19 0.49 0.015625 0.015625
0 0.24 0.57 0.015625 0.015625
0 0.28 0.56 0.015625 0.015625
0 0.28 0.52 0.015625 0.015625
0 0.32 0.58 0.015625 0.015625
0 0.01 0.37 0.015625 0.015625
0 0.5 0.14 0.015625 0.015625
0 0.51 0.17 0.015625 0.015625
0 0.56 0.18 0.015625 0.015625
0 0.7 0.19 0.015625 0.015625
0 0.81 0.14 0.015625 0.015625
0 0.59 0.01 0.015625 0.015625
0 0.74 0.04 0.015625 0.015625
0 0.86 0.24 0.015625 0.015625
0 0.86 0.13 0.015625 0.015625
0 0.89 0.04 0.015625 0.015625
0 0.91 0.16 0.015625 0.015625
0 0.33 0.48 0.015625 0.015625
0 0.43 0.53 0.015625 0.015625
0 0.45 0.35 0.015625 0.015625
0 0.5 0.42 0.015625 0.015625
0 0.51 0.38 0.015625 0.015625
0 0.57 0.32 0.015625 0.015625
0 0.94 0.41 0.015625 0.015625
0 0.69 0.36 0.015625 0.015625
0 0.58 0.34 0.015625 0.015625
0 0.48 0.26 0.015625 0.015625
0 0.31 0.27 0.015625 0.015625
0 0.33 0.21 0.015625 0.015625
0 0.11 0.3 0.015625 0.015625
0 0.15 0.38 0.015625 0.015625
0 0.45 0.55 0.015625 0.015625
0 0.39 0.32 0.015625 0.015625
0 0.16 0.21 0.015625 0.015625
0 0.73 0.07 0.015625 0.015625
0 0.64 0.09 0.015625 0.015625
0 0.93 0.26 0.015625 0.015625
0 0.93 0.35 0.015625 0.015625
