0 0.04 0.86 0.015625 0.015625
0 0.05 0.67 0.015625 0.015625
0 0.08 0.68 0.015625 0.015625
0 0.19 0.92 0.015625 0.015625
0 0.21 0.87 0.015625 0.015625
0 0.95 0.99 0.015625 0.015625
0 0.15 0.77 0.015625 0.015625
0 0.04 0.97 0.015625 0.015625
0 0.83 0.41 0.015625 0.015625
0 0.87 0.39 0.015625 0.015625
0 0.98 0.46 0.015625 0.015625
0 0.86 0.97 0.015625 0.015625
0 0.68 0.38 0.015625 0.015625
0 0.1 0.86 0.015625 0.015625
0 0.16 0.83 0.015625 0.015625
0 0.16 0.89 0.015625 0.015625
0 0.31 0.56 0.015625 0.015625
0 0.31 0.82 0.015625 0.015625
0 0.31 0.89 0.015625 0.015625
0 0.92 0.4 0.015625 0.015625
0 0.8 0.95 0.015625 0.015625
0 0.82 0.96 0.015625 0.015625
