0 0.05 0.55 0.015625 0.015625
0 0.73 0.92 0.015625 0.015625
0 0.15 0.53 0.015625 0.015625
0 0.3 0.55 0.015625 0.015625
0 0.3 0.58 0.015625 0.015625
0 0.36 0.63 0.015625 0.015625
0 0.0 0.77 0.015625 0.015625
0 0.03 0.84 0.015625 0.015625
0 0.08 0.91 0.015625 0.015625
0 0.12 0.77 0.015625 0.015625
0 0.12 0.9 0.015625 0.015625
0 0.13 0.85 0.015625 0.015625
0 0.14 0.81 0.015625 0.015625
0 0.31 0.47 0.015625 0.015625
0 0.36 0.82 0.015625 0.015625
0 0.6 0.71 0.015625 0.015625
0 0.44 0.99 0.015625 0.015625
