0 0.57 0.0 0.015625 0.015625
0 0.6 0.02 0.015625 0.015625
0 0.63 0.02 0.015625 0.015625
0 0.73 0.07 0.015625 0.015625
0 0.77 0.16 0.015625 0.015625
0 0.77 0.14 0.015625 0.015625
0 0.84 0.36 0.015625 0.015625
0 0.06 0.73 0.015625 0.015625
0 0.2 0.57 0.015625 0.015625
0 0.09 0.38 0.015625 0.015625
0 0.02 0.66 0.015625 0.015625
0 0.07 0.14 0.015625 0.015625
0 0.15 0.08 0.015625 0.015625
0 0.2 0.02 0.015625 0.015625
0 0.23 0.06 0.015625 0.015625
0 0.13 0.01 0.015625 0.015625
0 0.43 0.0 0.015625 0.015625
0 0.47 0.01 0.015625 0.015625
0 0.61 0.19 0.015625 0.015625
0 0.47 0.26 0.015625 0.015625
0 0.4 0.37 0.015625 0.015625
0 0.38 0.46 0.015625 0.015625
0 0.42 0.44 0.015625 0.015625
0 0.48 0.64 0.015625 0.015625
0 0.13 0.59 0.015625 0.015625
0 0.15 0.3 0.015625 0.015625
0 0.17 0.35 0.015625 0.015625
0 0.78 0.74 0.015625 0.015625
0 0.95 0.84 0.015625 0.015625
0 0.07 0.91 0.015625 0.015625
0 0.27 0.91 0.015625 0.015625
