0 0.12 0.79 0.015625 0.015625
0 0.21 0.74 0.015625 0.015625
0 0.24 0.79 0.015625 0.015625
0 0.24 0.96 0.015625 0.015625
0 0.46 0.9 0.015625 0.015625
0 0.64 0.82 0.015625 0.015625
0 0.7 0.92 0.015625 0.015625
0 0.75 0.93 0.015625 0.015625
0 0.78 0.82 0.015625 0.015625
0 0.77 0.88 0.015625 0.015625
0 0.72 0.75 0.015625 0.015625
0 0.77 0.85 0.015625 0.015625
0 0.04 0.4 0.015625 0.015625
0 0.99 0.28 0.015625 0.015625
0 0.88 0.37 0.015625 0.015625
0 0.74 0.55 0.015625 0.015625
0 0.54 0.39 0.015625 0.015625
0 0.21 0.6 0.015625 0.015625
0 0.82 0.99 0.015625 0.015625
0 0.89 0.99 0.015625 0.015625
