0 0.17 0.87 0.015625 0.015625
0 0.42 0.96 0.015625 0.015625
0 0.43 0.85 0.015625 0.015625
0 0.58 0.92 0.015625 0.015625
0 0.25 0.79 0.015625 0.015625
0 0.27 0.88 0.015625 0.015625
0 0.35 0.89 0.015625 0.015625
0 0.02 0.68 0.015625 0.015625
0 0.06 0.77 0.015625 0.015625
0 0.16 0.22 0.015625 0.015625
0 0.23 0.49 0.015625 0.015625
0 0.58 0.76 0.015625 0.015625
0 0.6 0.68 0.015625 0.015625
0 0.72 0.57 0.015625 0.015625
0 0.42 0.79 0.015625 0.015625
0 0.27 0.69 0.015625 0.015625
0 0.22 0.62 0.015625 0.015625
0 0.38 0.43 0.015625 0.015625
0 0.39 0.32 0.015625 0.015625
0 0.78 0.24 0.015625 0.015625
0 0.79 0.45 0.015625 0.015625
0 0.9 0.2 0.015625 0.015625
0 0.25 0.44 0.015625 0.015625
0 0.95 0.14 0.015625 0.015625
0 0.56 0.18 0.015625 0.015625
0 0.54 0.3 0.015625 0.015625
0 0.34 0.85 0.015625 0.015625
